1475  	54895  	79447  	22950  	61454  	52075  	30278  	52216  	93712  	16171
56706  	9914  	42608  	91993  	82219  	81712  	97125  	77215  	61306  	85920
46851  	24338  	83986  	51864  	20061  	55041  	88098  	2936  	73582  	60187
42993  	7864  	2790  	71351  	40997  	52922  	51932  	80461  	8913  	5079
69884  	52989  	30812  	81493  	74531  	27101  	55522  	14286  	60158  	16280
47443  	1217  	6527  	36141  	27728  	62638  	25802  	57531  	44346  	83022
13995  	47452  	4190  	1411  	57353  	96959  	98146  	29268  	80877  	50915
50902  	16518  	16136  	48301  	31298  	56968  	8593  	53794  	66143  	22823
80835  	11387  	10671  	44697  	17469  	79069  	42187  	8271  	39808  	9929
59976  	21692  	94116  	29500  	94149  	18830  	85813  	21799  	48884  	2653
53899  	77185  	31369  	294  	94764  	74060  	46775  	96781  	12646  	63376
71728  	37926  	95172  	11  	53963  	44550  	86733  	18325  	24273  	59986
59907  	80518  	48320  	60734  	65678  	35917  	90551  	96145  	76918  	16896
10173  	87212  	26400  	62863  	60047  	6798  	80556  	7602  	13370  	84052
83266  	24307  	50141  	26010  	95405  	12404  	93088  	35955  	65708  	72171
7408  	21532  	44493  	87709  	59184  	16478  	79594  	53151  	69485  	91350
66483  	6744  	3668  	61642  	57943  	22366  	39025  	95027  	19505  	77017
2097  	63240  	82179  	86361  	38147  	9257  	29235  	2023  	99618  	3608
42193  	94186  	17829  	45030  	22674  	887  	52754  	20153  	1393  	11481
99377  	74463  	43329  	65900  	65978  	62564  	58989  	93590  	29624  	39574
35688  	86469  	17196  	27464  	9883  	98725  	56502  	40267  	11877  	92995
91311  	80285  	27563  	7189  	56616  	23779  	38394  	99194  	65973  	99111
20398  	37672  	71469  	22869  	5803  	46375  	18685  	277  	36714  	76644
33971  	15005  	69294  	78199  	49386  	30468  	19043  	61852  	91892  	99826
72977  	99423  	37666  	35095  	32950  	85945  	59867  	17130  	95819  	97149
78738  	37724  	20801  	11230  	56627  	52664  	82113  	28103  	67328  	90291
55892  	11591  	9075  	3980  	44354  	441  	23601  	78912  	97315  	82571
29854  	3620  	51436  	3616  	80282  	95011  	70942  	85647  	52  	21896
40040  	64809  	75104  	6569  	26945  	17700  	13678  	96533  	12113  	35445
17720  	89228  	49214  	21706  	65551  	61438  	6335  	36310  	25232  	2042
17082  	79656  	89247  	71866  	56448  	14786  	45465  	17619  	44741  	53731
76741  	48236  	74349  	92708  	12137  	41434  	48736  	66729  	36383  	85879
20844  	8380  	1053  	80077  	18937  	37790  	70852  	2974  	51931  	81244
81477  	43190  	93376  	14395  	81728  	23936  	53532  	52729  	81817  	88874
62329  	66690  	32323  	20527  	2535  	81798  	13756  	47323  	52054  	35134
25409  	57954  	17064  	98700  	23991  	82450  	63554  	47486  	77483  	18220
83843  	45445  	67690  	76280  	66777  	46149  	96217  	97992  	75570  	56527
22837  	45857  	75622  	91895  	92728  	3249  	96160  	58394  	89584  	27455
54160  	34966  	85302  	87985  	16786  	91197  	43770  	87834  	29446  	69594
76230  	9223  	90568  	81323  	38725  	47330  	11330  	12928  	8379  	95611
58840  	18232  	74520  	24526  	44634  	74408  	33151  	51861  	86851  	14109
78793  	37273  	44109  	6582  	46460  	46305  	91813  	49857  	68293  	19844
87548  	53392  	74379  	53822  	51182  	35936  	85285  	40959  	67452  	36951
15089  	51413  	4055  	41563  	27955  	32467  	26634  	48801  	68775  	88680
83580  	70804  	18955  	63446  	28159  	36704  	12105  	80482  	43274  	89053
81231  	19480  	35007  	2949  	98941  	94032  	65126  	28427  	15271  	71885
99845  	55211  	93910  	27695  	62390  	25591  	96919  	46655  	90310  	75967
70495  	3759  	14952  	70520  	39887  	27872  	181  	1492  	30259  	22445
154  	69730  	92118  	55377  	21839  	26441  	24872  	49416  	6990  	52475
60129  	1438  	80402  	75050  	87562  	34053  	46529  	73437  	80477  	36202
54927  	4945  	5635  	80769  	96490  	90429  	82499  	16684  	37071  	34606
90709  	20618  	42838  	20605  	11451  	59064  	2597  	10469  	28299  	55471
6300  	3726  	6195  	79055  	96121  	54714  	13397  	72018  	66687  	25960
50580  	10115  	54485  	59729  	3678  	47876  	22919  	82766  	42643  	34252
19155  	20275  	46988  	97044  	51637  	84352  	50784  	85212  	13022  	19375
64740  	27000  	52303  	32242  	51049  	8789  	82013  	8930  	97870  	4679
91657  	20447  	64664  	90044  	26885  	51086  	46984  	53618  	85452  	39777
39961  	82187  	75606  	11361  	63343  	29516  	80330  	88796  	47831  	96892
71711  	19558  	72328  	46498  	23749  	19939  	84854  	40811  	79014  	39465
36014  	51316  	34837  	74308  	3242  	8043  	28083  	13377  	86513  	67787
14075  	83659  	11728  	63346  	54851  	72430  	86709  	58707  	54695  	43104
16558  	75829  	6772  	28791  	31  	77524  	43681  	83029  	96713  	87915
16893  	90696  	75908  	7026  	65269  	93765  	32509  	29320  	71253  	66366
82550  	7307  	44833  	81500  	31706  	10835  	19979  	47811  	43682  	20296
96046  	58975  	22284  	57652  	7485  	90537  	60879  	3086  	59216  	99461
6009  	67020  	22164  	30174  	28156  	87353  	43674  	7544  	91933  	99992
90949  	2043  	70426  	87113  	12112  	85220  	53989  	42015  	69154  	54669
62488  	2100  	69768  	96834  	81781  	92152  	965  	73265  	10185  	89015
46333  	61364  	18755  	65679  	50993  	54194  	355  	97918  	83485  	25567
6860  	19837  	32261  	96437  	51238  	96027  	65930  	96516  	81848  	37503
81025  	1070  	19963  	26201  	58853  	37024  	88363  	28535  	53819  	94767
48765  	72347  	39657  	52485  	8945  	33574  	47114  	18357  	56569  	29047
36884  	22642  	26103  	40051  	64978  	46433  	7578  	97644  	14214  	56799
61584  	45176  	85136  	29044  	13519  	56075  	62432  	75992  	61994  	25675
98808  	71476  	51165  	74701  	87243  	50635  	24897  	99029  	24732  	93141
1802  	75399  	5837  	47155  	84546  	85998  	22747  	31587  	44252  	56201
90094  	62137  	1370  	9178  	57333  	82655  	58119  	28723  	19314  	87366
86506  	92778  	18880  	40656  	30362  	55127  	20604  	10509  	76441  	44463
91469  	80596  	78128  	54764  	90741  	4970  	67234  	947  	54000  	87466
44182  	3200  	15104  	23920  	40181  	1067  	8250  	11796  	56519  	68743
99062  	22582  	61960  	20333  	58578  	1134  	8290  	39219  	12078  	3123
6125  	39248  	65874  	6854  	88398  	67085  	39502  	38933  	77285  	84864
8223  	34609  	61858  	30194  	91253  	13088  	88367  	36608  	4897  	85727
62812  	11685  	36530  	30725  	66352  	12389  	85323  	61777  	88085  	27554
58703  	90132  	86877  	75996  	9673  	29605  	4172  	55389  	49508  	22289
63081  	31810  	72705  	69086  	5558  	42809  	86700  	33643  	39113  	97839
47511  	50860  	64301  	11881  	63659  	73098  	50799  	16322  	19380  	98603
69576  	79450  	43903  	40347  	36357  	57135  	36905  	49289  	25894  	4622
5307  	70199  	48333  	16514  	82057  	5157  	45597  	4828  	7588  	17621
90987  	59576  	62676  	25855  	62029  	2073  	92308  	26835  	96529  	84988
14163  	15149  	62436  	85646  	97718  	75205  	78006  	70434  	47856  	98458
19303  	95195  	36824  	7555  	34755  	85716  	43206  	62170  	7317  	46176
67633  	73427  	54329  	5055  	61599  	33518  	41845  	17512  	32101  	77846
51566  	61511  	82134  	43962  	20644  	38512  	18323  	16686  	59884  	91201
81242  	52016  	44231  	80535  	31441  	53787  	60959  	22269  	54752  	36484
95587  	69162  	34144  	45258  	33305  	39263  	72225  	19877  	54587  	32894
38388  	83206  	7646  	51421  	57728  	6788  	47540  	29404  	54989  	56183
41973  	18382  	16156  	46965  	57231  	15345  	32724  	48593  	54174  	11844
49265  	57877  	43865  	50731  	43577  	26342  	75132  	16680  	30546  	66511
52288  	53919  	95773  	80990  	10176  	30  	33085  	55193  	5894  	48188
81254  	29668  	21776  	1882  	29549  	21172  	12584  	65951  	89206  	93031
71385  	25661  	8435  	84753  	33201  	1601  	42317  	98506  	83295  	32334
75727  	5735  	87795  	29009  	37372  	81113  	18421  	66565  	36103  	92920
140  	24699  	96847  	79106  	70893  	68405  	72823  	16462  	5870  	62702
63138  	46717  	25338  	49067  	70453  	57818  	74643  	72119  	92058  	31261
37769  	34279  	49554  	57072  	21711  	73392  	27252  	86863  	27935  	3730
7479  	42387  	9291  	34313  	62166  	22085  	96061  	80147  	84422  	51368
63129  	11783  	21213  	3706  	1835  	46484  	98863  	79079  	54645  	70332
16770  	63930  	68559  	94778  	21533  	12503  	24054  	93414  	63661  	83278
335  	35148  	82063  	36193  	44845  	28511  	57748  	46445  	25186  	18488
27438  	18886  	55021  	32032  	50285  	93365  	2010  	51344  	76407  	15852
5476  	5045  	74672  	12776  	54235  	6500  	38987  	46728  	915  	35859
7243  	50527  	18093  	57797  	95203  	33621  	33696  	90446  	68739  	29906
52200  	9231  	35986  	16755  	98097  	6257  	9617  	81033  	23873  	29765
633  	3135  	45461  	3710  	2153  	52415  	46124  	62261  	34268  	2285
64320  	69458  	14091  	62146  	26045  	15507  	94371  	84700  	4002  	73560
83878  	57588  	8406  	20545  	38999  	45018  	83319  	76835  	43945  	30764
75249  	56426  	1018  	26539  	13537  	8461  	64281  	454  	17904  	48225
14847  	49119  	27549  	21151  	94112  	83934  	28310  	16890  	82434  	27194
39674  	52192  	35076  	16866  	11762  	71097  	64672  	235  	73967  	68869
90047  	56110  	71504  	32124  	54906  	22851  	23931  	1783  	56732  	25213
40535  	7741  	16161  	86857  	31522  	94580  	60192  	87346  	61036  	56158
88745  	72527  	98339  	23610  	43435  	55455  	36797  	6026  	99852  	51327
66889  	66034  	60195  	74392  	9036  	23518  	31822  	87389  	34813  	34791
31012  	42501  	30682  	9978  	89974  	4573  	13148  	3445  	41806  	98816
61625  	54229  	79284  	95486  	34225  	79976  	64673  	34680  	43051  	92423
49175  	70947  	15841  	14525  	80348  	64229  	15826  	3058  	20596  	75305
74178  	46270  	50705  	16214  	29394  	49981  	86420  	26523  	61030  	47501
93148  	94868  	51369  	68860  	44176  	21820  	7947  	83037  	31135  	24958
32279  	83241  	1961  	19887  	25721  	19755  	71224  	72039  	82067  	97475
20461  	3182  	28324  	45974  	82023  	53924  	40015  	38770  	78939  	48832
75472  	85487  	75449  	84391  	44721  	45631  	78099  	61640  	52928  	15988
15668  	15129  	35772  	24964  	17714  	47738  	34705  	26663  	6131  	66959
43751  	25105  	11904  	32369  	96287  	74715  	30069  	66327  	50224  	97032
29958  	50347  	73040  	25594  	44863  	28096  	24343  	41038  	75589  	62686
82920  	86672  	55660  	50644  	67705  	61126  	42517  	77924  	57642  	69170
18637  	14295  	24115  	74382  	9260  	81659  	51444  	38056  	49304  	99087
35879  	47612  	61038  	2808  	21581  	34724  	36224  	62900  	53291  	58489
51670  	70104  	99696  	82182  	85558  	45957  	28926  	3482  	43358  	37357
98211  	7541  	46817  	92713  	53402  	99843  	87248  	80975  	20866  	41558
14243  	98284  	71565  	80003  	70949  	82486  	84487  	92931  	77886  	60141
80651  	16610  	1034  	71337  	72668  	82895  	408  	96376  	92764  	82386
53664  	87307  	90830  	79255  	29498  	17558  	85419  	51036  	921  	54060
22205  	83198  	49015  	1617  	12440  	95280  	89959  	42874  	95191  	483
43339  	98830  	91396  	3809  	48138  	64688  	95279  	25209  	24314  	33688
79178  	93668  	72498  	7664  	71568  	95745  	2092  	7159  	4860  	77815
78948  	36284  	19501  	95112  	87773  	27865  	53973  	72631  	11579  	92986
46471  	93062  	40723  	25687  	23357  	55138  	37465  	68361  	51943  	52130
98477  	26309  	90701  	4703  	77378  	30932  	78707  	44926  	52096  	90229
67933  	88980  	47772  	32518  	16940  	54921  	54886  	44739  	32603  	78863
14453  	30212  	67684  	58011  	77360  	62397  	56375  	2222  	83311  	90978
97399  	7108  	46343  	64506  	74797  	71168  	78512  	69886  	40232  	67031
31096  	53113  	67473  	42633  	83537  	78008  	29627  	71962  	64365  	48
42785  	97023  	45455  	80978  	65938  	2733  	11234  	46512  	46299  	44705
67834  	94239  	23684  	91740  	36999  	95100  	42667  	65992  	50995  	4037
43733  	74240  	495  	48146  	96705  	63865  	55180  	63003  	43066  	74138
93340  	92892  	52596  	6309  	60572  	24313  	12028  	90137  	37587  	23000
30216  	4745  	90780  	14004  	35886  	69605  	9752  	3905  	38578  	7478
19690  	81797  	21239  	95314  	93299  	51415  	33717  	61384  	76959  	40630
60475  	57336  	88800  	6499  	42939  	32399  	42626  	4152  	903  	16048
80820  	50814  	62478  	44433  	80231  	67770  	46265  	54359  	7358  	72396
40822  	17167  	19971  	17506  	51564  	45113  	3650  	71358  	92287  	26618
83494  	52390  	35759  	68617  	65501  	6177  	59315  	27594  	92800  	4257
95715  	64069  	40352  	24293  	26964  	78921  	39352  	61610  	57911  	96691
91682  	50135  	44947  	22647  	35444  	3946  	29878  	98394  	65669  	90313
56226  	1910  	74218  	42274  	19172  	75870  	23499  	28556  	69949  	49960
57892  	16316  	4022  	67379  	22608  	56142  	42689  	58702  	65289  	53188
87338  	67266  	54319  	953  	98380  	19414  	59671  	44903  	26736  	50232
7020  	12012  	4759  	40809  	33934  	89251  	85621  	96574  	48159  	59154
5426  	97969  	12300  	3831  	30702  	84433  	56674  	70110  	45424  	90658
52651  	48003  	26352  	40050  	62513  	52262  	53216  	14529  	18649  	12516
1175  	62060  	74884  	71343  	66952  	73746  	15768  	61587  	87204  	60817
5868  	84336  	17930  	88534  	10404  	37196  	57088  	78798  	21041  	48849
9120  	76172  	76170  	60351  	9683  	83063  	73747  	56221  	51664  	8944
36550  	89107  	79425  	45828  	4658  	60638  	47221  	77568  	98031  	18087
69880  	54128  	13262  	1508  	29067  	13610  	92862  	29289  	36859  	14613
32930  	41378  	99827  	49413  	75574  	28919  	71493  	44483  	66181  	66641
28737  	19038  	42417  	30046  	58654  	64570  	61814  	23319  	96323  	28748
67833  	65822  	11114  	35599  	40516  	85164  	99389  	50544  	77123  	43037
4837  	3633  	620  	76364  	54204  	17270  	99441  	70788  	65782  	45711
60623  	96107  	60783  	22801  	70257  	24007  	83629  	31714  	20123  	17272
16141  	55829  	77429  	26632  	52795  	43459  	45815  	56514  	89425  	20771
70027  	64170  	66149  	17041  	14179  	38007  	96806  	24301  	74043  	60435
11801  	99440  	67501  	98111  	39023  	31033  	84141  	78216  	48376  	35403
64876  	3228  	89470  	28634  	59140  	25632  	34826  	78115  	45719  	73502
5399  	98975  	10385  	66915  	82364  	33742  	64461  	52720  	58839  	74181
68082  	83532  	22840  	87811  	21107  	58142  	34802  	1865  	63848  	22723
99604  	95309  	45171  	73496  	11865  	94418  	6651  	97050  	50759  	44810
67421  	85984  	63076  	87079  	57100  	16993  	9743  	55025  	65228  	6008
89531  	70284  	4544  	99457  	6819  	13571  	86111  	60226  	28042  	24076
56798  	11512  	55901  	71793  	64541  	39361  	74377  	99058  	88271  	55038
62661  	51276  	80889  	54738  	76204  	80885  	85110  	51317  	97796  	12575
30414  	77658  	60755  	43255  	95252  	78522  	11200  	19053  	97638  	53184
94472  	78658  	59388  	84662  	21968  	77372  	74544  	93022  	98949  	9481
862  	80023  	71330  	27901  	84784  	90274  	80035  	19526  	24913  	116
95184  	32290  	76789  	59592  	39200  	65711  	2627  	55167  	97851  	30487
73675  	31252  	61338  	54723  	40013  	7144  	33695  	64460  	92826  	52638
98118  	94373  	57581  	40345  	28253  	90892  	73062  	75689  	91055  	54441
30805  	16564  	95520  	30108  	72263  	33793  	3407  	96763  	66890  	30850
33008  	23511  	23353  	36658  	55075  	59320  	18195  	8874  	1253  	96775
61529  	36679  	79612  	4115  	57738  	11916  	19381  	51085  	60629  	45302
47508  	63580  	67151  	40492  	33385  	29666  	41522  	2919  	24878  	45299
12483  	31880  	40425  	30793  	61698  	79796  	8243  	37865  	64132  	72153
50022  	18541  	28729  	21167  	95072  	12791  	47502  	6000  	71282  	25683
47266  	35313  	81437  	29487  	61793  	70408  	38873  	776  	80859  	35540
24729  	12530  	8053  	46645  	83149  	50300  	52169  	65794  	25611  	92180
15931  	85238  	20940  	32827  	46903  	14988  	22976  	15719  	54992  	601
16676  	47444  	49677  	76957  	99160  	89716  	21774  	63507  	79444  	92296
51488  	71765  	24045  	25543  	28590  	66246  	18644  	43288  	77598  	18567
12236  	56817  	91180  	21092  	59483  	28978  	88300  	81301  	79445  	3761
30191  	961  	4413  	71206  	46832  	55201  	1276  	30039  	49371  	25787
9665  	51214  	29824  	10148  	56046  	64348  	78367  	23113  	71023  	86024
80674  	31889  	58286  	84032  	37963  	24845  	31233  	27121  	14567  	82969
51057  	19749  	319  	272  	42209  	83468  	58282  	71020  	6034  	42010
16598  	94037  	37659  	358  	45031  	77282  	87479  	29684  	78096  	2088
33973  	31825  	15252  	54425  	60076  	1251  	27947  	8752  	88741  	7248
55731  	6380  	99799  	51970  	79257  	4754  	19881  	21033  	16635  	86627
49891  	32482  	1454  	8855  	70435  	7270  	65715  	39372  	44571  	29767
68991  	77876  	19415  	40373  	86307  	80864  	13364  	3968  	91565  	14869
64087  	27709  	50783  	43109  	3941  	59593  	69959  	10208  	24090  	85255
26090  	27280  	86363  	54613  	46679  	75361  	42776  	12269  	93006  	39042
45504  	54108  	86169  	6022  	85776  	3105  	42341  	35046  	19106  	20974
64920  	82576  	83749  	79230  	78608  	61488  	48869  	1642  	29661  	94648
11664  	26982  	66701  	99109  	66053  	75102  	15147  	62567  	30226  	91482
53717  	32175  	88440  	42326  	33569  	59327  	23614  	7428  	15934  	95723
91614  	71200  	42435  	15779  	15555  	43647  	93813  	48372  	58994  	52512
37413  	36948  	70615  	35446  	11518  	11160  	79785  	26738  	45513  	45518
62337  	77033  	68866  	918  	88970  	66406  	19018  	93470  	14874  	71264
18579  	11693  	68489  	23794  	55533  	7926  	49751  	58981  	66738  	22748
53751  	78735  	94564  	62176  	94411  	75226  	59326  	36638  	14615  	46289
66001  	87936  	34160  	4565  	42753  	75890  	90905  	69829  	14182  	32820
11249  	91798  	81  	23865  	59982  	88118  	23237  	17446  	79023  	63845
65816  	17684  	40148  	707  	15704  	23843  	40074  	93280  	28904  	32395
84559  	80413  	53601  	99854  	3542  	19353  	42374  	3311  	46508  	48541
75210  	85713  	17497  	11721  	65291  	1145  	22574  	70764  	21978  	81724
19050  	17562  	967  	32200  	75418  	6334  	80304  	20917  	73676  	66887
62742  	76566  	11616  	26631  	19869  	18962  	91654  	64579  	61520  	44074
35147  	98599  	34488  	22676  	34168  	92738  	60290  	17400  	21735  	10852
49226  	11410  	56937  	39590  	59263  	293  	93554  	98439  	11743  	17681
76704  	86616  	39555  	43299  	8497  	54551  	64909  	5787  	24173  	59796
69031  	85101  	55504  	90875  	4457  	23502  	53783  	11094  	98273  	94449
67261  	65633  	28614  	84551  	95274  	47173  	95167  	641  	33610  	6029
80313  	31382  	90597  	59587  	76541  	38141  	71496  	2843  	37921  	46919
98621  	27347  	69435  	15669  	89909  	30307  	95634  	11822  	78507  	2236
70119  	23585  	43854  	19424  	799  	80242  	9551  	88415  	60311  	80985
45160  	56590  	54012  	15070  	58523  	60073  	62151  	63374  	5898  	58067
6997  	21506  	57467  	29369  	45035  	12869  	69146  	61624  	86760  	66396
28129  	46759  	2189  	18182  	59231  	7095  	78883  	58799  	1849  	15786
61095  	88842  	93242  	42523  	13611  	64059  	22810  	50842  	21894  	8434
61362  	48650  	47532  	31423  	42919  	76611  	51497  	85657  	69316  	78042
78506  	31384  	17493  	74642  	18265  	39450  	95707  	14884  	94852  	26728
11132  	14276  	22297  	73072  	23473  	89731  	67899  	10417  	53297  	54674
89682  	34673  	59893  	41621  	74567  	67749  	2835  	97174  	67276  	1813
53864  	90795  	31241  	92673  	74160  	15197  	87446  	10409  	17530  	35424
92898  	21361  	17507  	66119  	23320  	10822  	58255  	49431  	76424  	29608
73250  	78642  	14811  	31503  	9144  	25271  	56266  	33737  	56946  	52527
10092  	65057  	51542  	55933  	88685  	25472  	35215  	57926  	7236  	19285
78568  	97459  	21281  	38815  	53155  	97853  	41740  	70004  	54099  	66621
78126  	79452  	13166  	61819  	72696  	27281  	64024  	12125  	85278  	79119
58340  	43941  	58963  	83735  	35231  	59178  	97156  	34554  	64901  	6007
93669  	70262  	19289  	52087  	24406  	47270  	66194  	51269  	78638  	3962
72580  	86582  	1304  	8160  	48545  	42135  	78851  	47572  	80509  	88382
31322  	54395  	43741  	73104  	53946  	64653  	28925  	512  	65251  	13027
65055  	29483  	73379  	94574  	87301  	98306  	35625  	10648  	42429  	61271
27877  	28935  	94345  	22812  	17945  	16943  	33014  	92469  	97847  	6626
89226  	2788  	72087  	5925  	12336  	76570  	7212  	69845  	18661  	75454
48131  	666  	16976  	72323  	94942  	17875  	38593  	22455  	55050  	71057
51184  	20410  	10652  	4389  	21111  	36260  	50905  	9118  	11923  	17192
95543  	81691  	98156  	98386  	67270  	64754  	68240  	53144  	53944  	85753
88028  	26387  	38387  	23667  	97376  	37917  	63599  	28194  	16191  	12262
44228  	87716  	43486  	90459  	31308  	92462  	43259  	5779  	86636  	67489
24362  	60188  	25580  	56488  	38055  	21255  	42654  	21854  	36555  	70243
42942  	89080  	58641  	71284  	64208  	4259  	89523  	92311  	29193  	55949
18267  	534  	82489  	39664  	84581  	87181  	25634  	61021  	86640  	67972
9534  	7567  	17593  	64813  	7897  	43661  	69525  	10457  	9756  	80158
15560  	50445  	61717  	9150  	61972  	49388  	71447  	91730  	2162  	52488
37843  	7151  	97395  	75186  	30537  	20293  	55404  	93913  	1556  	1024
77265  	89132  	95401  	48237  	30388  	88718  	31138  	70310  	53281  	86530
58927  	27368  	22933  	78733  	76148  	27425  	53366  	81827  	42389  	93576
6634  	49696  	67517  	41875  	19846  	92865  	57445  	47041  	77374  	60461
53423  	50874  	67735  	31987  	69254  	95330  	91573  	26686  	50943  	62417
52918  	46399  	35962  	29712  	84393  	53421  	26906  	87154  	65722  	31398
34094  	78685  	48772  	1762  	4583  	33714  	18860  	26225  	35942  	60132
12546  	45207  	43957  	25823  	71526  	8133  	89572  	94384  	75343  	93355
42128  	10251  	61009  	18887  	47650  	99362  	67982  	27906  	70548  	26123
7577  	84755  	4739  	44380  	88009  	40695  	71369  	55238  	61537  	80324
94655  	37757  	98532  	39366  	74785  	49920  	34822  	92435  	57398  	6732
83274  	45433  	32842  	29923  	48348  	31376  	85244  	29422  	33212  	745
51346  	20648  	83040  	17871  	42136  	3613  	65211  	23373  	26514  	29942
47418  	99371  	75504  	62136  	98037  	78931  	18012  	85743  	99636  	69595
36136  	58352  	15010  	81834  	74985  	60215  	36577  	78124  	76906  	3977
89834  	3419  	11781  	1580  	59548  	44018  	55353  	33690  	85694  	80374
93387  	94012  	27785  	44305  	29234  	51929  	66623  	4787  	87231  	40374
45343  	63495  	9220  	89949  	77532  	10479  	78257  	46054  	93556  	99600
60487  	37822  	63744  	33892  	7284  	56942  	81717  	40330  	18833  	11013
93703  	83827  	48731  	87527  	77566  	5164  	38881  	51291  	966  	32014
42739  	26994  	38667  	32908  	32073  	29622  	90124  	89197  	35427  	86148
53385  	78868  	85490  	87345  	79453  	63078  	84689  	32110  	52412  	41328
33616  	78323  	14954  	94473  	5218  	94091  	86373  	66063  	89239  	11089
675  	42007  	75999  	17793  	26132  	76158  	96366  	94518  	14424  	75110
85640  	84482  	67460  	99380  	93080  	15538  	3038  	60091  	15950  	35714
46684  	90390  	97180  	2394  	76337  	49050  	89140  	69758  	98984  	70048
52539  	51974  	43911  	6393  	15948  	29075  	99047  	24726  	11764  	96369
84054  	68352  	54028  	35676  	97684  	70811  	6079  	35730  	10697  	73099
18040  	95055  	90348  	3615  	29101  	52379  	69420  	43228  	42927  	77062
19828  	78768  	67462  	54541  	20977  	27102  	25026  	20271  	85125  	19640
39505  	37947  	91868  	31003  	11424  	88202  	26977  	7550  	98826  	32493
17004  	1538  	32139  	43572  	372  	44940  	78118  	3276  	96131  	14733
43027  	34284  	8890  	15048  	14029  	57829  	8951  	32488  	36895  	22037
48251  	83933  	35457  	43166  	61247  	65554  	59585  	14256  	49018  	33920
13868  	19332  	85062  	96214  	72646  	85312  	36752  	33571  	72408  	98657
18454  	98335  	84128  	11925  	25253  	42075  	65950  	32465  	32426  	13499
3209  	27669  	8924  	64507  	83310  	37763  	10489  	19219  	12116  	11542
37064  	50042  	94261  	49908  	33434  	92776  	70545  	82303  	55015  	2168
29163  	17722  	70293  	61894  	80281  	1120  	83204  	53691  	59333  	23377
23710  	59196  	3433  	78305  	72879  	15038  	27418  	33811  	59972  	66798
11292  	85916  	93353  	70713  	99216  	94148  	64493  	73312  	1708  	54747
94883  	58667  	87324  	54124  	79383  	90530  	47863  	59203  	16337  	92353
22011  	43550  	4737  	2036  	66339  	18597  	31772  	10221  	69706  	37818
70301  	41035  	17369  	68367  	55091  	62439  	24482  	79464  	9138  	19645
75163  	79746  	46888  	69579  	22949  	46815  	89950  	56928  	31202  	13058
57919  	85718  	89683  	77926  	18384  	61445  	46405  	42081  	91256  	45388
13063  	80958  	68915  	53699  	59099  	6866  	91286  	84369  	43844  	36115
35590  	52906  	45168  	37642  	12448  	77612  	97116  	95484  	89667  	36040
21616  	60880  	77485  	16046  	62052  	36564  	91064  	43098  	84349  	92880
68071  	44866  	73132  	39297  	23674  	27876  	81685  	2179  	78298  	86276
60982  	92580  	99089  	97230  	62640  	8866  	54665  	70067  	83445  	8126
94610  	97620  	30067  	2231  	80640  	42926  	9868  	52708  	85373  	62973
57835  	79965  	66885  	83822  	61190  	64344  	27730  	52826  	77466  	75337
97389  	72718  	57863  	40720  	28960  	1225  	68699  	34876  	72591  	75929
88705  	66424  	75562  	67349  	68046  	26200  	98120  	8814  	32734  	15231
7033  	16995  	2742  	90899  	15698  	67887  	25619  	19677  	45971  	44481
83744  	75134  	13070  	57003  	22931  	62842  	90048  	51698  	901  	39826
69289  	28995  	36531  	676  	83552  	81197  	8649  	41672  	26989  	89855
60009  	17807  	25520  	25621  	74866  	11350  	34487  	19  	77877  	37241
43155  	74823  	94672  	88092  	98994  	67119  	27941  	55612  	75792  	12823
10364  	12569  	83192  	88281  	31609  	79308  	83164  	28445  	52632  	47333
25140  	80237  	80763  	9177  	10847  	7915  	42453  	48530  	52327  	23618
57056  	77518  	92176  	50735  	84634  	69065  	13748  	40343  	93557  	21421
80882  	51669  	69521  	9234  	11636  	76399  	66622  	20947  	8595  	33617
83261  	55836  	39512  	87253  	30887  	55676  	86339  	41145  	51996  	75785
58170  	48179  	35271  	58137  	94170  	29419  	70403  	55236  	66253  	36758
82886  	67636  	89940  	243  	47056  	59815  	22737  	12991  	98447  	26586
67226  	39956  	98193  	22061  	86108  	77702  	98719  	5445  	97903  	98383
75776  	58715  	5519  	26060  	89246  	57029  	86414  	25731  	9742  	79347
79150  	93715  	64621  	46809  	27047  	5333  	71964  	95239  	68624  	71223
99143  	85121  	96673  	27501  	43031  	34077  	89376  	57464  	84533  	18229
7090  	97752  	37979  	28328  	9501  	51552  	48591  	91960  	76344  	1264
47944  	78341  	175  	57039  	79419  	39688  	87264  	47774  	21374  	59480
38226  	30301  	42968  	22715  	55171  	55734  	81957  	78119  	90358  	50079
36090  	18595  	17852  	99118  	65263  	40690  	79306  	88643  	60295  	56442
27765  	40220  	46010  	21703  	69225  	14  	51243  	13863  	80732  	83561
96445  	38907  	65898  	52932  	20794  	72784  	93993  	45350  	57123  	74559
43252  	56436  	71533  	30450  	29152  	73108  	43690  	95958  	42438  	94765
19552  	80044  	62292  	88439  	36325  	15342  	61250  	90528  	99983  	85732
57626  	43141  	19001  	20126  	20338  	83351  	34944  	56348  	79372  	31872
4005  	33782  	97530  	34002  	14716  	90195  	29143  	78529  	84667  	76152
69221  	5919  	85890  	93123  	72490  	69856  	3467  	7890  	99641  	30106
46494  	38920  	85055  	83912  	87080  	20255  	68490  	10962  	81183  	27927
66772  	63760  	58954  	85051  	604  	20737  	52880  	71186  	36195  	55526
65665  	49210  	49195  	39931  	66634  	88609  	69285  	90454  	45354  	7975
17776  	88615  	44286  	81481  	7701  	53871  	38399  	54153  	36149  	24557
29068  	89046  	61949  	7104  	71971  	25724  	28334  	86666  	64278  	63947
59822  	53332  	75123  	99060  	35345  	87270  	15176  	26286  	15482  	63414
6030  	12  	80697  	81744  	28245  	81067  	19607  	2702  	98040  	30156
91528  	69006  	46942  	8793  	75972  	24843  	56176  	30430  	13236  	1389
28098  	63977  	34863  	23602  	60713  	29458  	80525  	7413  	28094  	41336
98720  	58716  	59491  	48808  	52967  	94431  	382  	96785  	55593  	62456
86357  	15442  	91567  	16524  	79348  	33232  	22026  	32720  	2632  	86236
75930  	18407  	6426  	86334  	58  	69936  	13100  	10324  	37984  	62979
32168  	79350  	62841  	88127  	91021  	86218  	56747  	41339  	59485  	51750
50962  	53950  	81525  	42952  	11571  	51166  	28417  	51571  	10614  	55011
25296  	97933  	97710  	7918  	60492  	77638  	88560  	49737  	6183  	35638
9504  	59071  	25285  	3275  	92932  	46073  	44133  	13045  	83838  	40876
83117  	72269  	52935  	53851  	16528  	59046  	64171  	40243  	99345  	36732
50089  	36208  	7119  	45861  	97705  	49681  	64970  	73456  	62629  	46260
86262  	3936  	72214  	61498  	48173  	24461  	35812  	66489  	7221  	66206
18315  	74971  	96235  	38062  	83968  	58790  	77605  	83374  	67805  	85686
82443  	2195  	17318  	40046  	14223  	72757  	90197  	43887  	91649  	55436
47081  	4624  	27905  	41357  	32113  	93251  	71872  	7968  	24655  	83396
28728  	54290  	62433  	65496  	26333  	24352  	45760  	2483  	65372  	65689
17886  	92259  	6202  	88673  	45564  	97712  	13393  	89392  	56039  	28506
156  	73892  	21904  	10571  	89172  	74840  	23673  	58992  	33756  	82981
61405  	77914  	23884  	25265  	31354  	47097  	35285  	9105  	31363  	18944
66615  	17937  	9610  	42077  	49689  	87128  	25309  	47980  	10786  	11231
47100  	85730  	7262  	33685  	75125  	66528  	63005  	48287  	36150  	84501
67608  	13172  	76067  	38034  	73232  	71486  	28377  	74796  	72305  	51245
9619  	40196  	61298  	26028  	61015  	87655  	80206  	82700  	93049  	93581
28683  	82173  	54322  	81821  	88824  	78705  	25049  	3511  	93484  	25529
95589  	47498  	78734  	42553  	42706  	21018  	52768  	26737  	69913  	40249
56262  	1568  	70083  	96453  	13444  	59072  	23591  	26765  	33776  	68297
21762  	92828  	93480  	34570  	39679  	922  	43231  	99519  	81494  	3568
53244  	32839  	93891  	79317  	20340  	77775  	51976  	50026  	84299  	51481
83714  	35659  	26701  	68688  	13985  	65472  	54447  	52530  	2301  	19897
69935  	84860  	24024  	80379  	84843  	90344  	80073  	67602  	3513  	62623
71325  	29710  	12917  	41757  	12015  	65764  	90064  	66945  	49882  	99514
88565  	14521  	46746  	33740  	43763  	41275  	32686  	32746  	92209  	67850
77415  	10706  	25624  	1229  	43412  	76018  	95722  	47128  	283  	84779
83147  	6565  	58480  	47546  	73026  	78445  	16588  	65436  	76615  	98788
47647  	2783  	48722  	96264  	47227  	23891  	92946  	71124  	77629  	11375
13375  	88164  	66913  	86828  	59770  	4084  	98878  	35891  	4752  	7557
60709  	99271  	86172  	36334  	98676  	28871  	45552  	23880  	94402  	78337
61710  	55568  	44198  	38954  	42953  	9790  	44757  	39640  	71549  	76993
36872  	2369  	66390  	26876  	97133  	54067  	51441  	36850  	57141  	43806
82325  	30339  	27944  	99940  	79862  	32396  	40925  	70404  	90939  	77690
97226  	68396  	87020  	17182  	17355  	89550  	26141  	51105  	16908  	4971
67444  	22579  	72522  	29159  	35663  	87944  	17534  	76142  	32542  	91059
4594  	62862  	71980  	23271  	83635  	50876  	62297  	69961  	16033  	91847
31871  	26354  	40219  	6875  	33478  	97823  	77786  	63116  	8606  	20497
22997  	42055  	12515  	66150  	47938  	91365  	72168  	86728  	18771  	17245
15947  	36691  	77549  	1808  	28397  	20422  	20911  	1999  	36995  	42203
51917  	65390  	24242  	74208  	13633  	81531  	94443  	26600  	64706  	57493
17197  	542  	94131  	90502  	56378  	36021  	67212  	77709  	89380  	21984
81240  	15386  	25667  	50369  	46223  	55534  	34540  	37961  	95935  	81748
77641  	38156  	96069  	41048  	65024  	95351  	96909  	64637  	88159  	65445
28030  	39319  	76848  	84732  	58163  	14998  	69143  	66926  	29571  	75769
45635  	92513  	58053  	64018  	11859  	40503  	28126  	60831  	66132  	87717
41837  	92822  	58186  	97680  	11791  	59001  	65178  	96350  	24213  	22977
85948  	85067  	36273  	95579  	81844  	72517  	13379  	40865  	73022  	16926
56788  	74561  	32779  	57338  	19626  	88089  	9341  	23677  	44417  	97926
36339  	46402  	50954  	85047  	98565  	7600  	58668  	23699  	6322  	70699
35270  	5881  	47140  	2283  	11304  	48573  	1625  	88960  	41125  	32859
66783  	22283  	47554  	89961  	86328  	45012  	62659  	56852  	9816  	75177
75460  	75377  	86310  	76426  	80779  	90825  	35885  	33601  	55993  	16279
10524  	60521  	68962  	89379  	36790  	48298  	11922  	6048  	63238  	21990
50741  	1766  	19191  	10988  	76691  	65130  	28358  	54262  	48807  	10737
10687  	55425  	18831  	8829  	48921  	74573  	37964  	67668  	92518  	93916
54810  	91284  	20908  	22494  	27345  	90009  	90514  	11553  	88210  	4135
45501  	36692  	22267  	12054  	80952  	65440  	38112  	33406  	8940  	69681
41122  	5056  	44594  	3104  	84112  	25335  	87703  	7698  	14022  	3791
64220  	59061  	73019  	28927  	4335  	32934  	30509  	45638  	93420  	71540
34258  	42229  	59396  	78104  	82644  	60099  	64655  	39055  	22365  	3190
53286  	39802  	29185  	69252  	29207  	59155  	93543  	71627  	85093  	38289
61566  	48433  	58447  	28327  	2570  	64048  	44130  	7624  	53368  	14772
57401  	1413  	37396  	11602  	206  	49047  	95254  	54800  	12346  	11495
17402  	27041  	52120  	25474  	69881  	57574  	24142  	18018  	1123  	12382
66376  	53330  	34449  	31249  	71217  	33937  	83716  	83080  	53724  	87391
80317  	98353  	34385  	68075  	39333  	79635  	88752  	39212  	69588  	3621
43211  	35254  	25778  	74557  	21504  	44738  	79987  	28154  	42763  	3760
134  	11751  	21177  	18460  	19822  	41244  	32258  	58402  	66763  	9966
99601  	82594  	50238  	71332  	71529  	54728  	17988  	69824  	49081  	66868
50190  	6321  	35494  	3896  	38689  	72998  	30210  	16098  	49843  	23925
45014  	42876  	7469  	21461  	6929  	70299  	63650  	33446  	5395  	14441
90337  	26043  	17806  	36536  	83428  	39173  	98471  	91285  	67044  	52740
92821  	25056  	30658  	18911  	510  	82363  	62869  	80049  	51534  	76533
74631  	6663  	24179  	46961  	64476  	35900  	78957  	52873  	73497  	82421
29173  	60940  	77849  	66018  	45659  	39427  	21026  	15536  	93357  	1966
49545  	40760  	52464  	56180  	38726  	94688  	77561  	6128  	27963  	80936
80796  	50968  	28589  	37798  	34970  	73034  	42178  	54825  	41749  	61019
11429  	27886  	46850  	29632  	89524  	228  	30070  	58110  	93488  	52609
39792  	79037  	99986  	93922  	36849  	27781  	57388  	41889  	33716  	10882
99549  	64567  	58279  	71241  	56863  	49222  	78415  	12459  	79769  	76199
32310  	7244  	12666  	14557  	71245  	55540  	82050  	23541  	36552  	76885
91697  	39341  	60468  	18461  	49850  	50169  	1850  	35413  	88622  	14304
1980  	53229  	74191  	55554  	73190  	53324  	47889  	78511  	13546  	32428
82894  	81985  	89014  	13173  	95699  	35669  	48897  	97409  	59410  	98752
13430  	60375  	18069  	15180  	73046  	88868  	57821  	66644  	81901  	16749
20812  	594  	36624  	79527  	31751  	90976  	45470  	68305  	12008  	78879
53171  	77175  	28826  	88610  	66054  	47383  	72364  	51832  	63933  	94113
99662  	89253  	62813  	20453  	77661  	24770  	24679  	75952  	22898  	37511
26902  	15985  	79775  	81357  	37526  	21892  	54396  	34677  	49273  	86161
68289  	44867  	61507  	60834  	7140  	39094  	61944  	92816  	627  	64204
42318  	69296  	1430  	3352  	20710  	58585  	61964  	69899  	34596  	40555
11208  	89702  	4460  	65305  	90889  	38729  	59969  	27089  	24050  	14070
44778  	73380  	50896  	57111  	41892  	66495  	90565  	68814  	84614  	35475
97790  	92389  	82726  	12968  	27655  	23899  	30771  	43767  	28195  	25094
75496  	79833  	26236  	63803  	71288  	6059  	4087  	66844  	67297  	84315
27699  	35439  	44161  	57669  	29010  	30061  	38087  	85953  	61325  	28357
73524  	60088  	42557  	30343  	32761  	89541  	87686  	80502  	96184  	82202
76668  	39705  	9153  	91870  	39834  	85481  	64088  	7621  	12239  	93760
97405  	320  	66989  	70959  	22029  	97673  	88810  	29330  	90999  	11769
38407  	31595  	19609  	58589  	23399  	44012  	70966  	90323  	83099  	94912
40422  	20782  	89049  	21812  	58015  	61818  	60972  	4317  	64894  	4357
98684  	22375  	9618  	71528  	34504  	49793  	53294  	43320  	17839  	91511
68729  	2314  	53868  	99762  	68055  	78246  	31635  	59028  	95752  	75508
93362  	12645  	79554  	52181  	16405  	14895  	40408  	81768  	2071  	31633
91348  	79747  	56626  	91177  	10951  	2730  	50621  	10746  	16737  	993
28956  	88724  	1232  	8817  	7663  	59824  	6937  	23813  	57156  	18270
14011  	21338  	30813  	42803  	1851  	95473  	65039  	34830  	21429  	93918
33282  	13493  	61889  	63085  	95848  	67054  	96147  	56898  	48646  	18108
90158  	89374  	20575  	75544  	61414  	40964  	67597  	61115  	26415  	71814
59728  	43960  	20733  	83189  	58176  	78613  	44044  	81332  	45888  	91987
31814  	10354  	52164  	19355  	41414  	25928  	9527  	36657  	92702  	87766
52410  	48360  	60791  	96  	72215  	20541  	62098  	28279  	19736  	43181
94685  	27644  	74456  	98449  	72012  	26955  	77908  	82940  	3912  	30714
76534  	30986  	90255  	64376  	72812  	31256  	53630  	18948  	17762  	14522
84723  	85069  	4281  	64657  	14399  	96743  	58677  	46683  	77194  	27996
9508  	27349  	71887  	1729  	88086  	32651  	67953  	74237  	89028  	48906
18737  	96411  	38547  	89823  	7352  	87577  	84131  	65423  	20999  	7855
58864  	2549  	31080  	20636  	64851  	80015  	36771  	22859  	2557  	18318
85105  	8211  	71785  	98338  	67516  	30821  	67875  	43465  	48411  	38566
89526  	35507  	93730  	16730  	42072  	74833  	6618  	61070  	27442  	30335
56273  	84190  	9412  	67780  	93342  	66103  	15548  	34246  	57046  	50554
13082  	93663  	44141  	57549  	74995  	53847  	27919  	29510  	34692  	98977
86612  	53540  	12922  	43127  	24903  	5561  	88959  	50229  	79578  	23775
91714  	35175  	83981  	55589  	48713  	47806  	50588  	37157  	61872  	34363
22478  	79312  	28152  	55145  	22274  	37460  	44403  	89960  	68201  	12419
55750  	36860  	36300  	18293  	47732  	11501  	11649  	38493  	57810  	46826
97105  	92376  	70854  	49435  	65416  	92784  	60715  	54126  	91190  	14026
71535  	49244  	69482  	85878  	905  	9772  	74858  	76907  	9698  	891
68661  	31084  	66950  	65524  	97349  	13291  	13089  	83947  	87647  	85586
30743  	42386  	61826  	85862  	47263  	74783  	57998  	24221  	15432  	93232
93826  	88677  	5623  	86663  	43902  	76506  	14850  	70147  	98032  	44180
97513  	45386  	31052  	73603  	75073  	89305  	81279  	85322  	87436  	22155
4377  	90355  	7551  	19105  	42117  	61509  	52507  	20050  	21427  	61188
78120  	96903  	52248  	98902  	81812  	38564  	57496  	21595  	23804  	54585
29894  	48306  	18080  	77016  	28028  	94337  	57064  	43553  	58433  	72088
98117  	4631  	37010  	62924  	16855  	44251  	36659  	84086  	61099  	39270
41753  	20384  	49683  	5215  	92650  	75086  	55077  	15587  	88115  	4767
87710  	86648  	29222  	61432  	30528  	82404  	90204  	77263  	57674  	44325
16721  	49284  	94567  	36784  	16654  	39264  	81938  	26747  	94925  	4094
92098  	2167  	15165  	75138  	67813  	57122  	2446  	4533  	2290  	99480
16531  	69312  	98681  	45795  	25445  	55957  	23065  	2409  	21284  	48791
44324  	58531  	42897  	95286  	32713  	53583  	62091  	43371  	52284  	99725
71090  	52131  	34369  	41797  	16634  	68403  	89446  	95046  	71935  	9918
95692  	54908  	34722  	72157  	6388  	54457  	7786  	77112  	62936  	39509
55486  	66810  	10075  	20175  	99046  	80387  	8538  	40260  	89559  	67732
22350  	35493  	33726  	77904  	39540  	85986  	61735  	95524  	34335  	35582
83633  	4962  	19611  	45698  	56229  	77140  	71162  	99730  	53557  	19991
51258  	5179  	3421  	33057  	96624  	45355  	4370  	75510  	97188  	562
90301  	74387  	6438  	45100  	84061  	39449  	76497  	55596  	93682  	17239
83321  	93995  	97605  	9327  	29876  	7977  	45914  	68835  	82641  	80737
9051  	77200  	75656  	94152  	81452  	11940  	83108  	50003  	75934  	50752
23746  	87280  	73134  	22370  	7637  	59724  	47071  	45000  	49900  	55785
35143  	31482  	79045  	919  	6567  	22089  	52645  	76069  	80270  	43169
1739  	17985  	59929  	18933  	10073  	12706  	72357  	87682  	5021  	50270
63822  	81387  	2576  	82914  	8603  	63570  	7443  	65328  	44743  	82269
52585  	62041  	39974  	4921  	65895  	27161  	1494  	44685  	53773  	83631
64025  	35749  	70316  	26030  	33813  	25322  	37314  	26827  	23105  	68754
12954  	58755  	51173  	73720  	1771  	32025  	71651  	76977  	96130  	59227
22777  	52961  	40403  	3100  	87059  	47296  	13006  	32712  	89964  	300
28605  	12165  	63413  	75635  	73030  	72579  	49177  	37510  	96838  	72896
19726  	26143  	9957  	37974  	49632  	65714  	39466  	73434  	79327  	1603
35341  	95950  	74837  	4443  	34862  	84873  	2040  	97355  	25368  	56576
77208  	86366  	75790  	35975  	53955  	54532  	59101  	30945  	45352  	72841
99285  	4994  	9967  	55714  	59121  	36372  	12401  	44916  	61476  	92359
23101  	1116  	98484  	37187  	55928  	55204  	64792  	40438  	85959  	5363
67299  	47655  	62140  	96209  	55029  	67817  	12944  	20331  	12216  	42943
73254  	91260  	31009  	28628  	76492  	69901  	6432  	71151  	40608  	58234
14752  	59249  	78993  	30087  	31867  	55137  	54871  	15389  	28812  	43749
70833  	8981  	78014  	61881  	4433  	58802  	80963  	70809  	4260  	51471
8852  	70830  	21434  	25797  	5474  	91741  	19052  	38886  	42779  	28659
29976  	5193  	65316  	3277  	55507  	54142  	63513  	74967  	13821  	45055
15615  	52994  	80499  	66711  	77781  	97941  	69041  	93113  	74975  	29237
92752  	99360  	66769  	12019  	30739  	22664  	50223  	29412  	41705  	87556
13887  	37356  	30817  	25167  	40508  	71574  	77814  	68891  	37360  	33874
49706  	3115  	13337  	52704  	76945  	42567  	7767  	25011  	43512  	26819
71776  	3996  	83504  	55423  	18404  	77364  	77124  	25940  	31041  	85857
45910  	76417  	20199  	18394  	64402  	50730  	84953  	92241  	71820  	99588
76874  	67484  	57096  	54483  	12491  	48105  	26026  	66742  	21162  	35003
15443  	65585  	52727  	50665  	88318  	9418  	40497  	32117  	8383  	83691
52750  	85324  	96052  	38014  	86885  	14720  	55012  	69622  	86080  	58644
7521  	16227  	39488  	13606  	42035  	80647  	51126  	4960  	49181  	10734
45851  	79505  	53716  	97494  	91522  	24183  	19806  	76275  	34594  	13208
2654  	24784  	93958  	39592  	45151  	71541  	37859  	88260  	93875  	36768
83410  	7766  	95962  	78502  	32249  	18474  	3155  	45823  	85688  	4176
73010  	77910  	94330  	63583  	9736  	16910  	15223  	24634  	29430  	97268
80794  	11257  	63247  	35136  	43781  	38053  	906  	12788  	26145  	55005
24368  	88996  	84906  	10840  	66681  	19200  	3492  	28112  	19378  	448
16502  	2296  	91538  	85580  	78364  	41311  	77928  	81544  	60527  	65358
27001  	33288  	22022  	39218  	9318  	22012  	43905  	93564  	68984  	5678
4058  	80926  	82172  	18091  	88973  	3334  	94316  	17574  	2575  	49234
73553  	72373  	8530  	87390  	73322  	47008  	3031  	6619  	6199  	63571
97302  	53996  	2718  	86844  	76526  	1068  	44359  	84734  	10604  	34516
23515  	49873  	4528  	78599  	41827  	95304  	81013  	42231  	383  	22844
66122  	84135  	8528  	33382  	62707  	2704  	43159  	35165  	66427  	90601
29259  	40071  	6942  	26777  	27932  	87304  	13310  	47782  	9679  	3653
67998  	52742  	7169  	89248  	64468  	71115  	48623  	15588  	18556  	29366
18676  	39416  	6317  	8073  	94818  	30514  	59838  	55109  	35530  	16000
64991  	53597  	63856  	17202  	10476  	44404  	38934  	12769  	30795  	90380
86147  	21928  	27319  	77348  	46322  	40593  	69001  	19941  	89980  	14084
58971  	86545  	44197  	32194  	47611  	11177  	19447  	5195  	57667  	26726
61837  	98346  	28515  	73101  	85641  	56607  	88287  	22894  	26048  	47257
14462  	55141  	71780  	59890  	54969  	99414  	47768  	41768  	7955  	41259
79765  	40962  	94342  	20079  	51343  	44270  	24230  	91963  	35004  	80711
33851  	14517  	95671  	94625  	33092  	87583  	61966  	59620  	43923  	97015
99240  	97366  	50172  	83506  	2117  	33694  	82643  	41493  	29870  	60423
92477  	1405  	34046  	37991  	35238  	83394  	4893  	88344  	84944  	62545
52648  	11007  	84173  	28149  	78334  	21844  	78570  	54997  	3744  	79984
25333  	91005  	12103  	9143  	41557  	99122  	52373  	52213  	18670  	87104
83662  	62681  	29007  	85455  	62963  	93544  	80607  	49488  	8915  	43065
13211  	11358  	38558  	22272  	57941  	36197  	30941  	82371  	62996  	36571
31687  	77719  	76033  	58195  	14432  	62361  	74309  	20785  	51774  	18348
73515  	5114  	24491  	25031  	81348  	64444  	3258  	4913  	14963  	76060
15709  	33866  	35905  	7639  	53242  	46292  	27667  	38510  	38586  	82909
66718  	15313  	6516  	57406  	65234  	12699  	39063  	45557  	87543  	36689
7372  	66908  	93972  	80434  	30033  	27249  	85773  	85642  	41014  	78605
68914  	68048  	37600  	12507  	60040  	32120  	39670  	40916  	43775  	84009
76850  	86009  	99513  	58112  	36615  	82875  	71443  	57066  	26019  	10261
64237  	67615  	22495  	3627  	8630  	55497  	15063  	72079  	56084  	61350
66244  	36148  	29778  	16614  	57161  	26924  	80376  	38704  	69318  	96292
48529  	7116  	29836  	92709  	474  	92569  	36465  	73293  	86942  	84935
47495  	14689  	45902  	9513  	71652  	68145  	50203  	98563  	9435  	77578
38778  	61340  	74005  	38315  	19383  	24347  	28883  	98656  	72379  	20631
37420  	89894  	90669  	73754  	74489  	96386  	23885  	7804  	83035  	97889
76095  	75265  	82221  	52836  	61254  	30171  	59668  	17843  	20014  	85546
72051  	3882  	60362  	98435  	13182  	16246  	1913  	84474  	92876  	83688
63653  	32421  	22656  	61047  	99130  	31683  	8751  	37850  	84670  	61682
95052  	14957  	6861  	93201  	82750  	39375  	14971  	19820  	75885  	89272
63471  	10282  	92612  	98461  	17284  	18435  	42554  	37552  	45936  	4731
45519  	47049  	5022  	41728  	17751  	19619  	246  	31246  	26040  	62453
98329  	50974  	96547  	63658  	27764  	56294  	98227  	38856  	85703  	9699
14808  	61461  	14854  	66361  	65375  	1006  	67409  	28144  	4315  	90083
74760  	40606  	44327  	37405  	50674  	37084  	11955  	13925  	9666  	40410
78696  	94601  	11347  	40975  	42878  	33192  	2556  	26038  	46152  	28915
88687  	95802  	92016  	95765  	62435  	59971  	14685  	73928  	77001  	20163
89576  	19469  	49157  	20539  	67346  	38287  	38393  	3927  	35999  	46475
70935  	12354  	72072  	98528  	24044  	38060  	85938  	72835  	23545  	64118
5905  	35924  	78482  	69580  	68587  	80444  	62070  	19779  	98751  	16954
60688  	53190  	70261  	16740  	43136  	87792  	15293  	20810  	53361  	19934
42808  	37687  	77035  	65439  	44572  	7279  	22907  	95033  	66501  	70565
17989  	18309  	48262  	76774  	6727  	96560  	2463  	73777  	53355  	92095
5554  	64536  	4608  	64848  	60545  	53037  	14483  	85835  	52658  	94198
33531  	39192  	8147  	79515  	25690  	4872  	41634  	92301  	40686  	11834
70409  	54657  	62690  	52483  	42773  	44448  	11703  	17134  	62616  	16049
22349  	62699  	69994  	20907  	72624  	26463  	72782  	3357  	24336  	36742
77490  	21647  	39363  	37061  	10831  	38714  	65028  	28591  	68355  	54379
95847  	53753  	92894  	74193  	32412  	84748  	11433  	3448  	40808  	1448
49579  	33096  	69367  	36978  	99452  	25185  	12918  	30215  	60643  	92644
2164  	52289  	12096  	66852  	88909  	64628  	62938  	66247  	70512  	41227
10694  	35057  	23178  	75394  	62470  	75742  	97503  	81489  	82848  	46721
78282  	48192  	92115  	95905  	76320  	25568  	40229  	58965  	52747  	12992
46682  	94004  	75964  	33877  	73703  	87801  	46468  	99358  	87922  	5108
52021  	22427  	70069  	47588  	9154  	8665  	41352  	79462  	80903  	19765
23233  	53375  	25114  	889  	12482  	2862  	23852  	76361  	49590  	28546
72480  	68518  	81512  	56123  	15652  	91763  	43958  	51158  	7418  	31532
3997  	13802  	3965  	59568  	85478  	80826  	72514  	97761  	76940  	15294
21263  	33833  	89865  	71598  	4933  	24620  	93403  	61936  	24457  	39415
49776  	53948  	47871  	30312  	14499  	88409  	20500  	93363  	39552  	57560
51256  	66499  	84797  	91535  	73896  	16407  	9115  	69106  	48625  	34639
21886  	68074  	98522  	76982  	16804  	58593  	68680  	4110  	31208  	17696
4808  	81421  	42842  	48332  	19986  	98890  	88703  	21467  	76805  	46648
6458  	89079  	71287  	67873  	20369  	41418  	22533  	53018  	89225  	59285
13855  	89507  	35882  	47271  	93428  	66428  	93110  	13636  	83081  	91176
24092  	97474  	59187  	61050  	73390  	38789  	96037  	31057  	52689  	8899
14795  	1359  	70167  	23926  	7277  	20246  	43427  	63065  	5225  	37927
58357  	10978  	84430  	90058  	33847  	56117  	84348  	67288  	88151  	24097
68131  	4924  	86860  	11021  	96869  	51836  	60496  	7282  	41525  	3736
45962  	66281  	67198  	68953  	52121  	6932  	93945  	95891  	8516  	51468
11191  	80512  	68006  	90751  	98591  	89459  	99094  	38151  	85245  	79853
21730  	80033  	61272  	70340  	11618  	55980  	41022  	5106  	65576  	98409
51955  	96175  	11755  	18682  	64885  	11687  	37590  	49690  	22210  	26900
96602  	54533  	36030  	52315  	47281  	22804  	48576  	33982  	57130  	9574
46225  	32047  	96072  	28547  	71104  	94549  	26317  	42464  	25427  	5565
88485  	53311  	58733  	60797  	66200  	18996  	84312  	44519  	34249  	92745
93078  	63617  	46027  	67334  	72538  	56167  	65002  	31514  	1732  	38544
86849  	81204  	82699  	34311  	5781  	24170  	90643  	78983  	67322  	26374
55341  	185  	73942  	51495  	65699  	81609  	29298  	52386  	66751  	27375
11820  	2574  	44195  	84672  	27469  	51386  	89023  	71237  	50786  	65710
38515  	81670  	72721  	8643  	28964  	32068  	29382  	69360  	35735  	26606
7023  	97936  	80269  	68629  	52247  	6523  	36976  	95170  	45394  	17629
60971  	35833  	19176  	49263  	60346  	18086  	87604  	5292  	16283  	82456
56941  	5141  	28073  	80809  	51826  	54251  	75732  	14017  	22173  	18300
32075  	9067  	73651  	29431  	52205  	55299  	64135  	43802  	69469  	61262
83752  	7672  	97086  	4514  	39985  	61395  	20740  	14289  	34728  	15406
83957  	9861  	87688  	28474  	73992  	87677  	38938  	19638  	1240  	27823
29417  	21385  	57351  	14269  	7130  	66517  	54101  	66666  	27052  	3003
4481  	45297  	13797  	19567  	53609  	43493  	11294  	81986  	94397  	65838
54627  	2146  	66134  	56086  	47963  	38654  	55991  	34991  	38179  	20104
63421  	52065  	80493  	77278  	27861  	20799  	87361  	58807  	12083  	71532
61424  	51140  	96057  	67538  	51152  	74223  	32979  	39645  	71120  	98794
86039  	20480  	33487  	65631  	10851  	35051  	42984  	37205  	57033  	39999
47395  	49020  	77087  	98767  	53593  	74949  	12834  	53534  	90398  	45945
14932  	64717  	39371  	51933  	7611  	40344  	56354  	61711  	83008  	26243
1594  	6314  	24419  	82514  	97809  	15884  	65650  	99413  	75090  	21458
30396  	12539  	22802  	90289  	34192  	12316  	12815  	66739  	21080  	415
44131  	6986  	47622  	74019  	72320  	25153  	3707  	55052  	19676  	26805
53883  	29736  	2412  	40112  	92836  	46380  	35897  	17673  	24921  	68538
7922  	96837  	80856  	39463  	23686  	73833  	31076  	90585  	72744  	24668
65029  	84661  	94469  	91986  	89121  	88377  	79557  	69475  	2142  	76144
23837  	71106  	26637  	67344  	86909  	83748  	88937  	54872  	17427  	18480
98679  	63968  	83668  	95899  	35823  	96259  	19142  	4268  	65056  	18943
92682  	17049  	62937  	37668  	26679  	974  	41129  	64611  	25163  	41354
73240  	45360  	76057  	56289  	64156  	1722  	53725  	61759  	67325  	78249
71552  	35674  	68596  	52877  	82229  	41969  	43094  	46349  	68623  	40140
33662  	58066  	29593  	39490  	31620  	48305  	83138  	23952  	95914  	91439
23365  	8524  	29154  	2968  	95778  	43384  	50681  	85687  	56967  	16930
92980  	4564  	15353  	53547  	87714  	79411  	50590  	52227  	84537  	35682
69703  	95162  	1414  	38245  	77625  	95557  	62602  	59832  	52523  	62382
22767  	23141  	92701  	88071  	89216  	79548  	33046  	93008  	27900  	21769
79052  	93927  	45572  	56881  	87175  	62381  	87652  	44158  	4299  	73710
96304  	57554  	16444  	85305  	72658  	28544  	39926  	88749  	73328  	88379
83211  	47752  	89093  	9749  	49643  	99989  	59364  	28385  	19169  	32648
70556  	31870  	28411  	39406  	60348  	489  	26280  	20437  	36934  	68144
16331  	34297  	54578  	35959  	68555  	2358  	14502  	80462  	66882  	47163
56649  	63851  	65102  	86715  	38839  	34409  	68746  	60718  	61918  	60573
52926  	13459  	92551  	20533  	10222  	52031  	42750  	87419  	29262  	91461
2429  	15675  	34870  	63746  	92131  	80271  	78692  	60114  	59275  	77600
76358  	74365  	37434  	46943  	97466  	41786  	37531  	99664  	28086  	49602
41956  	64605  	30258  	22631  	36192  	80879  	10071  	37215  	55451  	78234
91345  	41257  	43526  	3994  	27846  	49251  	19723  	85168  	49570  	34273
15355  	55844  	98546  	36187  	84432  	1753  	80126  	24051  	24253  	2958
46571  	85191  	79319  	99714  	30992  	13744  	82290  	48507  	64941  	10448
51720  	9859  	49428  	50459  	13831  	77148  	28760  	88635  	31902  	31918
62574  	48330  	26204  	89383  	54808  	44576  	19833  	54161  	64854  	25416
51355  	40773  	95770  	76181  	53879  	26009  	27181  	20690  	11991  	91014
36380  	70608  	72911  	79772  	30135  	19623  	6320  	47652  	91858  	52650
78472  	98780  	34012  	41884  	30548  	14201  	34049  	31378  	28633  	54177
23643  	69670  	83262  	77416  	95636  	36044  	20193  	20190  	20849  	93517
27831  	57261  	40850  	2223  	42483  	90800  	58085  	58089  	11924  	34482
97993  	88848  	33033  	69465  	50096  	55792  	55747  	60249  	56360  	15078
80407  	20321  	85863  	61018  	36925  	90107  	69820  	33063  	82510  	77275
29569  	64190  	71509  	99353  	21195  	4941  	91926  	33249  	89294  	36355
98321  	97009  	8857  	95209  	45078  	14764  	51509  	67803  	2526  	92141
10797  	72011  	29405  	29451  	88491  	53841  	91017  	32299  	41011  	2589
58659  	92081  	32024  	86010  	95928  	78439  	3274  	17924  	72468  	15747
91137  	29810  	37389  	60116  	33597  	43536  	93868  	84108  	32882  	94870
7035  	71201  	9047  	27796  	21142  	77603  	505  	3494  	63858  	16031
9722  	88249  	50371  	18238  	49517  	38410  	27960  	41106  	4483  	58829
96724  	84200  	70254  	89059  	69326  	36336  	19401  	60449  	33023  	46457
80726  	35870  	96150  	4822  	21469  	90544  	97665  	53537  	23773  	26050
89377  	38832  	68872  	36101  	34661  	32917  	90434  	51680  	24683  	15565
91000  	40521  	61924  	40056  	19104  	33959  	58559  	75448  	42720  	96647
21606  	62156  	63807  	8536  	88008  	4314  	10578  	62448  	31451  	73771
65286  	55700  	98022  	52278  	59690  	7432  	66159  	18190  	97746  	64669
67863  	91910  	45687  	69601  	52763  	90361  	63304  	48163  	24384  	45723
28853  	9468  	15796  	79549  	30260  	25856  	42179  	99663  	64047  	22182
20570  	49819  	20033  	96451  	59655  	2595  	81919  	66654  	21851  	8893
97000  	11625  	49902  	39859  	27806  	41799  	25900  	31255  	61246  	29539
2348  	46425  	740  	17233  	94907  	9696  	66264  	9472  	30438  	32356
35370  	62484  	80965  	18368  	77066  	48758  	59455  	32257  	64776  	11087
66987  	96086  	78186  	2288  	13344  	19234  	81012  	46672  	27847  	9066
20750  	47996  	98392  	59456  	72578  	25649  	23371  	98673  	34577  	52332
66121  	61287  	78663  	96648  	25583  	90316  	75124  	65975  	16291  	98590
36878  	88862  	98132  	53821  	90532  	74291  	27388  	82526  	72165  	14596
9999  	67061  	67832  	79774  	73867  	80703  	68824  	30437  	73383  	79571
39865  	56622  	91308  	48552  	66089  	9069  	2986  	47918  	33388  	81570
81116  	51568  	61013  	23868  	26673  	62363  	797  	31036  	80766  	82622
57952  	91515  	56295  	16332  	73931  	31416  	42704  	3897  	84802  	23302
88120  	50008  	76050  	24804  	60857  	38574  	29573  	64259  	68154  	95321
23649  	59467  	89044  	4102  	64667  	2569  	60372  	56479  	40224  	15817
90765  	13292  	61427  	6892  	82942  	90126  	79262  	99943  	81341  	44125
70256  	62083  	72094  	19486  	96972  	64093  	81509  	18868  	6430  	87065
79184  	41546  	63561  	76572  	22596  	78960  	95296  	41783  	6168  	94471
43477  	66731  	49569  	28933  	74791  	29520  	29373  	54858  	86838  	79787
54626  	70440  	30059  	54218  	82242  	80991  	94111  	34959  	15961  	87566
49805  	5642  	18051  	87172  	28075  	50703  	47240  	18916  	17208  	53623
94215  	55066  	83128  	30167  	58256  	31628  	75596  	48120  	90539  	6272
419  	77707  	41492  	23781  	7684  	94256  	28720  	54678  	87139  	91540
73020  	86186  	46242  	63587  	95751  	52765  	35125  	78243  	96269  	37965
17832  	59584  	77860  	97825  	17734  	17528  	56657  	64003  	37344  	68267
8442  	38871  	29230  	92100  	8527  	16086  	17664  	49303  	91062  	98645
62905  	13437  	34058  	59221  	18365  	73805  	84859  	81564  	43398  	157
99670  	29819  	43443  	26936  	53191  	38662  	62305  	62392  	67105  	84218
80490  	96257  	45301  	78847  	35421  	89027  	51484  	12080  	50977  	60969
86348  	84159  	51411  	66737  	97729  	65558  	80319  	69794  	52546  	52734
6870  	59008  	48478  	2410  	45294  	46259  	17729  	48837  	52307  	99634
98342  	54853  	99561  	34169  	50136  	30275  	85929  	5665  	18489  	35380
72833  	65237  	55030  	51847  	97892  	30161  	85696  	85257  	3970  	27926
12094  	35542  	23045  	76083  	91521  	69787  	63960  	48913  	85337  	93287
38334  	98268  	40095  	1607  	52842  	92968  	94929  	90719  	27334  	53658
92824  	73403  	87902  	33946  	25562  	28421  	23332  	99851  	65915  	81017
18485  	8815  	64936  	34107  	259  	35054  	43387  	41773  	72877  	42479
70128  	79437  	93954  	49650  	20429  	19350  	56265  	49753  	48205  	1921
62834  	57639  	5708  	48121  	59945  	81667  	93583  	40231  	85911  	67329
12089  	45502  	87155  	98705  	95124  	48821  	214  	92505  	55709  	67033
27138  	306  	22394  	56596  	7776  	64008  	95223  	90863  	54217  	77555
40154  	57847  	16664  	66329  	36671  	70888  	4777  	69278  	16002  	11004
98110  	61230  	61194  	29985  	23923  	15100  	55894  	69659  	78753  	99903
73373  	24327  	78396  	2756  	58134  	50582  	418  	39660  	46690  	24703
67201  	62293  	19935  	172  	20881  	45788  	77930  	91149  	91468  	25128
1728  	37290  	85010  	88739  	90163  	71794  	71905  	62966  	18324  	61310
8449  	7314  	67919  	68709  	46696  	56577  	73177  	3665  	49392  	70641
97401  	35436  	45123  	93101  	98215  	96722  	8772  	9516  	52875  	63031
81927  	88716  	47414  	22847  	36929  	42734  	39725  	41377  	74335  	58663
20070  	99716  	93225  	13161  	98606  	20751  	3304  	60983  	75016  	41483
70913  	15364  	40110  	55283  	8121  	62596  	48312  	29883  	68438  	44088
75484  	60027  	2634  	23471  	70728  	46139  	37726  	30751  	59647  	2007
3727  	94529  	72934  	13405  	76251  	1491  	30798  	31109  	18626  	79249
24789  	80610  	54215  	1361  	4181  	44696  	83062  	86871  	42913  	25249
30944  	64243  	70234  	29245  	19654  	83572  	86720  	70838  	93925  	58726
97617  	94590  	41232  	63993  	82296  	95529  	75481  	60201  	42424  	45411
32348  	59110  	99012  	47988  	31133  	75892  	38571  	22291  	26325  	56108
78423  	84110  	49306  	48375  	3416  	77072  	78404  	57073  	43558  	74447
46998  	85936  	21954  	27950  	29970  	58353  	2  	57132  	29919  	497
26604  	4790  	33071  	60939  	87508  	34956  	86856  	9723  	98388  	24822
2895  	74505  	21465  	96894  	83685  	44427  	75353  	82095  	59281  	28521
66315  	77934  	60889  	84406  	72336  	85147  	78569  	69140  	72789  	26380
68793  	63723  	78952  	49531  	28198  	7516  	23514  	37623  	96307  	67167
66996  	76754  	21591  	72294  	51737  	86458  	41334  	54834  	32753  	9612
49144  	72008  	95173  	55564  	81121  	69032  	91204  	96600  	5603  	17949
81613  	62653  	72629  	16909  	13007  	10554  	98612  	67057  	30773  	6508
97145  	66803  	8827  	87916  	81303  	68134  	30360  	71322  	10250  	89354
96162  	43708  	66871  	21712  	75455  	64128  	69704  	56582  	91637  	83995
13960  	17719  	65878  	53832  	31031  	69195  	25220  	21884  	53650  	83743
18633  	45706  	74741  	98553  	74434  	89578  	25175  	38660  	1041  	26186
25132  	31491  	72033  	38072  	90793  	66168  	36031  	43773  	83106  	43584
87977  	91116  	46069  	88230  	46030  	23808  	57736  	59018  	37424  	52391
92148  	27373  	18171  	56601  	9843  	8297  	72118  	85820  	6756  	27207
95363  	91475  	27233  	27635  	85668  	19292  	49350  	88177  	91529  	49382
30147  	50530  	61334  	62620  	81937  	27154  	0  	99573  	77541  	86312
68880  	27265  	45230  	78545  	6774  	55601  	15227  	83558  	46142  	89424
19262  	34296  	29356  	77018  	4981  	44876  	42085  	79159  	95782  	42156
29331  	36076  	5498  	84644  	87976  	88170  	17244  	76062  	81498  	94270
3204  	31089  	68883  	64145  	76539  	7066  	94816  	65063  	17108  	8897
62797  	97022  	40977  	51708  	70279  	84896  	62833  	41915  	33426  	66100
54191  	16154  	33837  	34087  	79802  	26386  	34103  	86833  	37028  	26560
62897  	1963  	25866  	7342  	87702  	17133  	19643  	24957  	93330  	22827
29074  	22142  	86776  	26046  	91192  	2675  	94759  	99278  	79613  	98615
9950  	26547  	44727  	92042  	99180  	22413  	30511  	20993  	90222  	56068
66017  	92656  	99027  	38924  	75052  	88104  	28095  	81273  	22429  	37078
21808  	58600  	25939  	54064  	52717  	52302  	75532  	45004  	64822  	52443
64291  	9146  	78219  	80819  	74595  	68722  	51757  	8610  	35514  	51404
28309  	17679  	8423  	45782  	8946  	91451  	41273  	49366  	52821  	19917
74533  	29791  	60379  	76705  	15584  	73126  	76383  	98798  	34042  	19202
18744  	10007  	88205  	24915  	11425  	2914  	58312  	56246  	5398  	35002
88242  	20051  	99731  	63689  	9197  	89440  	32585  	68095  	30911  	17185
50947  	56572  	88468  	30769  	13515  	10372  	18836  	70074  	76391  	31481
883  	11008  	75452  	86916  	68241  	8843  	10534  	33977  	62880  	65118
3305  	32217  	72438  	82664  	4358  	37691  	59865  	74980  	50720  	89039
409  	81873  	54956  	57337  	90739  	44106  	55162  	65821  	16395  	89432
62778  	95766  	23466  	44801  	21387  	48911  	27465  	27311  	23434  	89933
51775  	65806  	97171  	90175  	30369  	63535  	67252  	13240  	82442  	19774
35733  	12205  	53454  	8302  	77302  	34362  	35179  	99151  	77769  	31833
79936  	954  	93838  	24581  	52337  	25343  	30610  	63982  	9813  	41854
31770  	24098  	65420  	3164  	21951  	86084  	65568  	45630  	99088  	49299
37977  	81345  	40349  	40902  	77344  	4665  	9098  	64891  	25097  	50188
50535  	68569  	44291  	4532  	53053  	10030  	6907  	15120  	12672  	30319
48925  	11232  	54388  	56619  	40407  	87262  	33562  	38698  	9179  	65182
11906  	6248  	65410  	32127  	24344  	51788  	38396  	12050  	54259  	24680
75109  	5514  	54025  	73648  	23136  	31259  	12801  	57903  	60354  	45173
3010  	60892  	87746  	89729  	11642  	30186  	81888  	65760  	23246  	7118
962  	72734  	19545  	89207  	20114  	18691  	54474  	54566  	86434  	34983
87736  	84815  	54537  	5252  	98881  	40075  	28843  	52221  	26063  	27657
94208  	78737  	21921  	2810  	67114  	96932  	55870  	13249  	34815  	56730
76659  	3315  	49092  	33136  	33950  	45771  	25298  	59905  	84092  	72502
12660  	22787  	11403  	37322  	87641  	28561  	93728  	23715  	46427  	75731
81696  	11477  	60270  	89528  	93408  	5423  	65994  	37328  	370  	30014
77471  	38246  	14464  	52374  	50088  	95082  	76194  	39896  	79053  	27028
31292  	22053  	36405  	68997  	45874  	52005  	67527  	42783  	97408  	98005
14585  	109  	37645  	50073  	35159  	14255  	13080  	38759  	32926  	24023
43717  	51678  	33828  	89232  	36619  	12633  	60784  	91290  	1075  	63077
20853  	56434  	37688  	97444  	91803  	82743  	3024  	47585  	33962  	42352
29427  	88369  	38517  	12529  	82692  	71789  	16124  	54439  	16384  	79046
27221  	23718  	94381  	40099  	57905  	85553  	78109  	78590  	86360  	62463
51853  	59237  	4039  	10232  	77997  	89575  	51696  	85728  	94140  	240
30361  	62958  	68183  	77821  	1477  	25148  	66202  	43148  	84586  	27754
58868  	86831  	27824  	74920  	49641  	7105  	35292  	96127  	3379  	92642
25349  	63387  	36904  	83168  	9383  	81030  	96997  	20884  	12274  	96881
5190  	23564  	49394  	83102  	9608  	26395  	24966  	88245  	34346  	85280
72439  	7226  	10373  	92994  	32056  	731  	18129  	11459  	26690  	11297
59833  	97168  	85198  	40881  	60382  	71589  	76861  	34655  	7984  	32190
77803  	49464  	79658  	50333  	39388  	35018  	8979  	92544  	95171  	85142
9630  	86628  	92897  	79480  	65666  	22021  	81634  	13238  	34097  	13165
46713  	96428  	58483  	43103  	63817  	35250  	71915  	27487  	74271  	81354
35206  	46864  	65781  	24566  	56586  	51896  	51080  	75263  	738  	48135
53109  	62927  	85043  	76793  	88953  	75024  	47158  	91766  	72953  	97607
91897  	81753  	32900  	14559  	91121  	79671  	64814  	57206  	29689  	72261
1339  	50867  	60565  	59171  	31392  	25631  	92554  	16601  	51515  	21739
94824  	52543  	67754  	11998  	11908  	29418  	72982  	97029  	67396  	95471
90405  	57360  	47836  	21103  	76406  	19232  	31463  	43305  	93727  	39773
27164  	76046  	73441  	20098  	9424  	53333  	51392  	37593  	89087  	30767
31399  	79982  	89783  	98906  	45048  	65998  	40993  	31120  	41392  	18481
70492  	68343  	47447  	94439  	55916  	66105  	85874  	44965  	64572  	8405
60322  	36450  	62549  	47315  	81802  	33143  	81178  	29421  	76629  	10290
54837  	7484  	16758  	83806  	59004  	68056  	26525  	17737  	24832  	98072
20263  	33702  	12574  	88155  	2624  	99540  	18817  	31198  	9175  	55422
17819  	29972  	75468  	32497  	89352  	63973  	58021  	75625  	39069  	65833
23076  	10821  	14330  	13789  	51603  	86268  	72803  	69287  	2184  	93324
23663  	99372  	44921  	61161  	62510  	23330  	4231  	84646  	53478  	41635
25123  	61285  	86293  	28873  	34316  	27479  	96596  	99436  	44788  	75029
79277  	5773  	26258  	42782  	65218  	26  	86303  	23678  	48471  	89915
68332  	88570  	52971  	34674  	1074  	31173  	66040  	96703  	14312  	37316
49522  	10407  	97920  	54917  	44972  	13665  	79974  	20347  	43777  	99544
47520  	53849  	31449  	34161  	33936  	91357  	12852  	91794  	64129  	68857
47705  	40736  	38137  	97381  	91146  	32138  	86955  	61345  	44846  	35132
32750  	18409  	42311  	87495  	98840  	96917  	1289  	75581  	78161  	91783
28630  	13542  	35486  	92590  	68534  	26372  	88265  	38700  	43776  	53889
83715  	85342  	51366  	83492  	65670  	81931  	38984  	9258  	6656  	94906
39199  	95775  	49276  	27792  	88134  	34794  	79925  	85233  	29088  	54265
96002  	48672  	23785  	19587  	90265  	68628  	10019  	15136  	24211  	77920
67423  	66356  	9101  	30032  	94082  	61311  	4613  	86578  	31251  	43675
54026  	98630  	69544  	29276  	39519  	98574  	5871  	59361  	539  	87194
13531  	25306  	39493  	79074  	15383  	73442  	44585  	1421  	2943  	51508
19116  	39497  	62104  	57326  	26417  	92191  	66068  	84297  	59238  	17327
25147  	85154  	1785  	34817  	18437  	54189  	67065  	7461  	95677  	17818
89181  	46802  	78532  	90465  	43164  	77048  	12544  	30859  	7566  	76425
75748  	91872  	89345  	34667  	92174  	1805  	99182  	15930  	56073  	50422
79273  	68663  	942  	70948  	54220  	72435  	63669  	24611  	39930  	56993
60996  	24075  	27989  	47783  	80191  	6984  	56381  	21330  	62919  	73262
53892  	12806  	85669  	91782  	20062  	2563  	67772  	27032  	66459  	37312
41146  	44094  	2981  	23589  	61302  	89569  	30970  	90003  	90690  	46064
70120  	96365  	60913  	45570  	23042  	4978  	51945  	85983  	94539  	32591
62587  	12349  	32491  	91218  	79180  	10725  	12411  	58187  	37671  	17952
93754  	53048  	53932  	58942  	63123  	55831  	85283  	71690  	47344  	94520
93670  	59853  	28493  	73246  	15818  	79536  	32939  	23967  	34033  	46927
41674  	64897  	15663  	46215  	76139  	63245  	47878  	96771  	84423  	1472
16739  	84977  	89975  	55124  	28048  	81302  	56608  	96859  	38754  	457
83243  	21403  	19596  	34430  	48557  	36781  	81530  	4946  	70672  	22658
8865  	48515  	76217  	37309  	61397  	51868  	14793  	42220  	60699  	3053
6670  	26798  	79486  	4132  	98158  	74737  	20889  	25513  	87467  	14431
90971  	36241  	26429  	58796  	24112  	58682  	12978  	31373  	73852  	59560
94548  	3949  	27223  	40748  	18749  	16579  	27440  	68306  	87356  	16075
57179  	40667  	85935  	90027  	7559  	94650  	647  	25578  	33206  	91400
60119  	41784  	6258  	6851  	62117  	58891  	948  	60808  	51598  	73487
57294  	37294  	55323  	40211  	84527  	3619  	51605  	52014  	18920  	14774
96253  	62006  	54518  	17953  	96431  	96527  	55019  	32034  	8688  	34846
45953  	46580  	11576  	26853  	34964  	23120  	3942  	90785  	93495  	67866
97211  	195  	44619  	91429  	94716  	92648  	19453  	96973  	76745  	96076
55539  	25453  	47233  	92555  	45059  	51787  	17932  	36159  	16627  	81785
78600  	82361  	2393  	30563  	23489  	84033  	3259  	94798  	97419  	59579
31783  	13128  	44881  	62043  	12136  	95706  	67534  	64395  	82042  	42388
85634  	51924  	75238  	45400  	82413  	57199  	48556  	87523  	33333  	13780
82802  	97702  	53966  	83307  	77223  	11404  	28776  	68598  	12174  	2108
6357  	52143  	10588  	18848  	2209  	4901  	58116  	77595  	56741  	40897
79183  	82082  	54740  	30072  	1302  	93943  	17066  	63447  	77898  	59081
74519  	49783  	62147  	66897  	17548  	71408  	3192  	60548  	81056  	14050
19102  	90781  	298  	55669  	46  	84049  	4770  	96344  	28147  	87869
56924  	55123  	54517  	76790  	35619  	81720  	31070  	31023  	54976  	35408
52018  	26630  	47013  	94747  	77061  	95939  	51545  	7323  	30084  	93834
15524  	8354  	65387  	44567  	76623  	97178  	2346  	22806  	93178  	58674
14398  	36694  	29805  	83434  	32225  	62732  	18330  	64702  	95143  	97416
11767  	8265  	87971  	22285  	31375  	466  	71850  	23505  	42790  	66123
23607  	20900  	12612  	53006  	54136  	80210  	88319  	13799  	28471  	43485
17782  	95852  	76971  	15322  	79972  	66631  	63073  	22077  	72276  	3483
47802  	66715  	46474  	16131  	70010  	31488  	72300  	58431  	98729  	22826
52046  	14575  	1998  	90351  	17804  	13823  	62731  	9505  	63101  	55569
2823  	49977  	29130  	20571  	23083  	74992  	52334  	65000  	9162  	32404
76052  	19187  	60838  	43099  	62843  	20233  	1571  	89156  	99374  	33250
88146  	2951  	60425  	3816  	5185  	93510  	29630  	88312  	10112  	96233
56553  	68843  	87036  	31710  	21942  	97422  	79006  	86112  	41412  	83636
88515  	39229  	58735  	89003  	49261  	70523  	32172  	47425  	5902  	8248
73571  	4894  	33808  	39702  	31140  	74742  	22989  	90986  	60474  	19440
72881  	90151  	64101  	41280  	65981  	22842  	78057  	44370  	32711  	77338
83314  	19578  	98437  	41619  	49070  	21596  	28719  	95801  	42688  	91917
26672  	9247  	3624  	78867  	98570  	92386  	4517  	73146  	18747  	72108
51659  	72695  	92914  	56589  	9163  	30489  	66422  	74684  	6807  	13854
5943  	36064  	68472  	82374  	1653  	27564  	4639  	64677  	33396  	48521
35782  	75771  	83980  	93037  	77735  	36688  	30221  	70151  	59201  	65430
50443  	9916  	59264  	82149  	4936  	82838  	65727  	83232  	8361  	73080
45488  	38803  	26743  	76864  	21784  	30686  	91051  	70103  	72058  	75497
5985  	40573  	92942  	55702  	80200  	87081  	63625  	44670  	33956  	70205
69473  	51380  	58354  	95526  	35597  	40375  	64421  	2005  	65362  	40971
17623  	99847  	95603  	77602  	96698  	6976  	25964  	7511  	81010  	16155
19655  	35001  	29829  	85611  	16330  	16486  	65453  	35115  	90729  	11097
96439  	9014  	84910  	16480  	50302  	19394  	39571  	48519  	47514  	48424
11091  	13667  	18442  	66518  	54008  	63747  	3691  	28691  	6319  	53118
72140  	59368  	47714  	4875  	74553  	73296  	76443  	10719  	6264  	54847
63976  	90671  	61084  	95214  	56035  	70502  	89501  	95599  	49628  	87357
69235  	10997  	87187  	23037  	22277  	45189  	15643  	57750  	21764  	58366
79688  	6848  	66328  	93496  	36245  	45776  	10702  	52663  	92187  	95964
54266  	19805  	20553  	52097  	68757  	36025  	43257  	5310  	17101  	2757
79013  	39516  	23941  	72217  	47324  	72792  	88286  	62850  	98175  	14809
87017  	80553  	98283  	3776  	67726  	65054  	52943  	1219  	69616  	6797
30663  	42541  	94723  	70068  	33722  	14098  	98  	65050  	99322  	47969
61594  	67272  	8412  	41948  	4217  	18144  	88442  	32386  	19013  	71199
84143  	63798  	84276  	69197  	75784  	7846  	18349  	74209  	61775  	57971
45640  	36964  	27090  	24151  	93746  	16957  	81321  	27817  	78238  	39830
57297  	49953  	42979  	31371  	65337  	73684  	19882  	75614  	52671  	40892
27809  	44934  	10726  	45904  	30421  	1119  	9136  	5580  	85393  	80332
95075  	67260  	41999  	73559  	59665  	33704  	29966  	20300  	25442  	88060
8010  	25511  	38175  	29526  	59107  	12413  	72062  	38454  	48473  	19627
67957  	58583  	57942  	42146  	52009  	45651  	37225  	47862  	91786  	38812
35755  	89869  	45463  	24575  	80220  	68435  	31351  	38376  	98017  	97565
8787  	59695  	18225  	610  	62248  	4556  	46211  	83370  	8880  	94218
9376  	900  	51511  	67595  	91044  	90166  	69773  	87536  	97736  	84814
37210  	38075  	94376  	46947  	75671  	20624  	33880  	52853  	96187  	95091
3805  	19732  	85739  	38556  	62020  	88670  	12730  	85485  	40472  	3868
14458  	65514  	57621  	11027  	57264  	8119  	33629  	90673  	22213  	46167
62730  	9199  	3096  	70185  	15874  	72674  	7940  	52925  	6726  	69538
57210  	74786  	96096  	21008  	96638  	29874  	1679  	29775  	17429  	27202
2747  	45697  	55063  	88624  	28090  	94394  	6081  	26782  	70840  	66135
88365  	54919  	83686  	67190  	55027  	82278  	12141  	2357  	30552  	44553
99858  	93643  	9602  	50785  	29264  	50929  	63314  	47412  	68106  	83362
96311  	96800  	99557  	24278  	47966  	74736  	27737  	72189  	9079  	33386
68847  	7537  	35152  	48155  	59559  	60854  	56714  	57240  	90586  	98462
68218  	72544  	20904  	82667  	88620  	89593  	11646  	41883  	32431  	15209
81978  	63338  	64379  	1964  	2539  	3828  	92584  	15672  	59167  	19146
71414  	54246  	86191  	11707  	19259  	40912  	65513  	91827  	62542  	88623
17092  	93887  	89447  	80067  	92979  	94572  	16195  	29192  	2282  	18730
9682  	86583  	23449  	58214  	43527  	93697  	30626  	44473  	35700  	69592
29762  	9906  	92319  	9954  	60509  	12593  	56309  	20448  	28419  	79618
69751  	89734  	54546  	86911  	76438  	51814  	35697  	40987  	90507  	91985
27081  	30940  	75862  	90007  	56689  	32074  	67985  	7962  	22302  	28833
68226  	41814  	94229  	24635  	21624  	73000  	17511  	69307  	31124  	98692
76035  	28879  	15307  	27692  	2472  	6805  	46784  	13871  	71871  	95909
68723  	25062  	67291  	90060  	65031  	91227  	18985  	38449  	82819  	96484
18180  	39037  	1102  	20660  	96660  	34909  	77684  	43111  	32084  	61976
74969  	82686  	94797  	81577  	45809  	86114  	55964  	44384  	3491  	81074
71373  	40683  	37656  	22854  	88726  	34988  	30168  	5000  	6879  	70215
61481  	46302  	52235  	69048  	2428  	29031  	60225  	99250  	48175  	4096
75699  	36998  	66023  	97606  	15056  	57697  	65060  	7299  	70798  	96541
28562  	58769  	23778  	12714  	7910  	17151  	46222  	76883  	66554  	75324
56281  	8024  	37104  	18862  	80213  	59723  	25316  	84463  	3829  	70722
2238  	64961  	76010  	27014  	91023  	42056  	29377  	1878  	29435  	99928
51541  	70628  	38484  	76373  	49320  	6100  	98387  	76684  	15604  	38724
27035  	56939  	74800  	83703  	64016  	74204  	39748  	42351  	47608  	6005
9708  	83304  	49893  	52033  	48696  	16196  	19750  	55175  	91049  	35712
78672  	12528  	81250  	18341  	76414  	74777  	43429  	94299  	87920  	25401
7482  	6363  	18114  	74619  	40258  	8210  	87954  	28183  	93896  	63606
21659  	5654  	59214  	8927  	47470  	1147  	20115  	87870  	42868  	47939
34633  	820  	56671  	82460  	5090  	23847  	5970  	51398  	19111  	33902
64453  	14307  	72592  	85423  	92854  	67557  	81469  	69034  	33525  	59272
34975  	92441  	67743  	6113  	69399  	98418  	85873  	18397  	33187  	79244
87002  	69308  	15027  	28608  	76796  	65651  	73532  	1619  	72363  	71432
34437  	47987  	97569  	42353  	56099  	79011  	49032  	34618  	23937  	88502
31693  	98004  	13895  	60243  	260  	96343  	9379  	35491  	69551  	83710
10442  	61670  	32159  	59217  	26066  	52764  	43626  	74266  	85263  	926
88695  	87622  	91043  	72660  	58611  	91369  	21980  	4825  	92990  	21727
10560  	13193  	789  	54904  	22986  	96469  	63562  	95814  	73633  	91736